Case	| a.out	| TEXT	| DATA	| BSS	|
-----------------------------------------
1	| 8731	| 1168	| 552	|   8	|
-----------------------------------------
2	| 8731	| 1168	| 556	|   4	|
-----------------------------------------
3	| 8731	| 1168	| 552	| 40032	|
-----------------------------------------
4	| 48771	| 1168	| 40658	| 8	|
-----------------------------------------
5	| 48771	| 1184	| 40568	| 8	|
-----------------------------------------
6	| 48895	| 1184	| 40568	| 40064	|
-----------------------------------------
